$ANSIBLE_VAULT;1.1;AES256
31626236656164623435333133366162653530653030653334373663326535386237623832373736
6632343538613438656265336638623662346363353364660a323936323265376565626631653533
37636539333836616634653733356233393830336163386562666638613864613730613132336134
3233366466626261630a333131343239393764313536366132626363373161353863336431653138
33376434363661306632366337623036646636386634396234666336663239613036353939343538
63393531353861643338663133353065363337326565313330393839306566373139383861646632
34616132623861616636613738326165383033323265313533383638366661313463353731656232
31313561616666353536363034376332346333643239656434326435316461633463643132303364
32633231643034643636613736326430613230396265333235646439333961346561626163653763
34633431363130353939346137333239303164666232373235323131376533363364646639626135
35336130373033343564346130336666306163663030633632393861663435303761343433323664
66383636356237313132313263316161633333343832376639376430623839363264313263663337
38356531373034336531363639613536653832636132656137313165626162343364396566353135
34386630353831323035363262376161363837663434363264346562653239616462626436613833
31303264343638316337663064653430613861383333663063366232386530353830616539323361
38613431393839353761633838353466383532363639633735633837316535653035353039613061
63666531633639363866653763386437316132316264323535366637646137653162343437643434
35303631626534653863343030323734363638633135663639383032386634373834316431636430
64343136306132316366396362616334313239393733626265336231306664306436306565363366
62636565353538326131393338363964333766323130663835623863633434326561646337373265
35383731346333353263393038653062363032386430636232613164663932636166653962393033
66363131646535353062343761373530333631313561623164373237643763373432393639386363
30313563643333303433643934383265633665323363336539316162623737623263646139303864
37386632383130623937373731343533356235653734373737636232396463616333313263383265
37633633343866363239633939666337626534373631363132353539333031303961633133323132
61623635613061633036613665316535353361636637343232333164383861633137613635383030
34313732653666343963393865613566373066663533303433333734393566633530643831326335
39616439636361363539306132356432646637366165343137313231326165366331363464326538
66386331633265303035386139333932333066343464343334323534343630633736336631373538
61636562323966333239623130343737343939623838663336393336373861343533346534303333
39343037396133306235373433323630373430326138623934313535643937333532666364343431
63316632616131333665323932303337613365636363393932636564386535636663326331316131
30623234303762383932333864353633323132383139346264633937363932343866666432353866
66363030356563393065633336373565316336646362663264653462626531393035353935663530
63313562316232326365663035376466613661653732313433336163383936366537383434346363
35333134396661643364356136363037323530366135633937643165353939643031383134333936
66336166616539386231383334353134303433353439386562633336373636363961303533373464
36626565393766326131643762343864313263313735323230333930343637653135316136313466
36623030353130643162663436396364333365633563353239643833623464636631353237313765
31373434343061373033326630623464616431353932363631623338353266353034666464393062
30336464623938633062303463316336633035643132363966353433336337663064663264626235
35363133313934323837386238316431343332356161376166393163656438636230383964313638
34353138653065646434616235643134366161366433326639666331643339366261353730393064
31326464636561333837386464313632303766386230633539353562353834646561386139646262
30306139333565613032393261323963653034613235306535393332643831323362313963343636
39313230356435613765323335633230333138316634336332666232643636393863383165346631
34383138353562376432623066343737353131356263356162633333383366363835376664666339
31626538313937616439353063353134363039366431666434613365626163613638313231373465
35633361623564613263343265343665626637336466353961386131353062323663646166616234
39643635313633313635363934623935376337363332613034393830653663353563363662373239
65663333333966643164366662386431656633333231656236663334393733623732646563633936
39656363363966313662666430313533633937343565326436323162316166633965666464366531
37633130336361343530393833343732366336303231643833313138666532363932316335303538
63303533376339306464386230336633653831373734386561373861653837343436356565393839
66663736633530346262383339643161323434643661373933633935643735363638626130643630
33663966363161306233643936396161386438333037653538313237333432653361666131373236
32333433333663393532353461396363633436316262613162643163636436353435626666663961
32396461313736343835653366303963656239393635343532643231623130303964343464643664
62363335393133363536663630373338663935623162636666626261653238353331626335393936
64383335363534636438613065626165326338373638356262336234616431313330386531336364
3233
