$ANSIBLE_VAULT;1.1;AES256
32316434643338373131303931646637343961643162303865333630333730346132343736303535
3364316261373834343738386464333062363061346563320a616234616633663262663836336561
37393763363163383339343561376538343164616662383137306635363730383063623462613131
3166636362356336310a613763636433626532363463613765326535633137656562323966666437
61663336663836646461653366326262323137323763636663356266663932326262336565313765
30396538313232393634346535653331616333643962333933633830336239633065373561313939
63356234313834363763663935343537373630613539613136383132373136656435363432626436
64363761646434633338383039656365383131333137356339363466613937346539616665326137
31343539383163663237636462666232623537303130313865303266653235353031326332613032
66653131313238633833336333343032623734336531343938373631333837623638366133623966
35626436396464326165383535316131383338633830333139336535616238623431613935373537
33323737656135316332393838653239393533333832303434646130633031616130386363316432
63616131336664623266666637386462333735306232653061663736353465636363666162653733
32306430373563393235633739663162396435623233383466396163336439313338656561393736
37656562633763616565656463326538653233646539343332373165373961663235616334333831
39313765613730393230336461623461303364373264336438346230616635353236333531656538
66353134313030656565356339363734386465333537383438386363303834333535353065613264
35633536626463386235383339353034333865613936343066613832313832343564316538326466
36643661646332393865623335353133326464646333643766313235306139313130316563343038
31633664376563363337326633366434633932393635336633623030623663366536396632386631
36323535393964303335363262623861636564343862376238353334396133393534353939656536
63333162356534393131643163636163626134646166386434653535666130613131663431396138
61356632636236353762383566666264336339383361646366336636323230336230343532386335
39343466306561636434656337393666396161666431353534393631386333313835336463383135
65663639643833353337633232663163333535393431336438666433623262376562
